0 17 10 13 12 13 19 17 11 11 
17 0 18 16 13 16 18 17 18 18 
10 18 0 15 16 10 12 12 15 12 
13 16 15 0 17 14 11 15 14 13 
12 13 16 17 0 18 11 16 19 16 
13 16 10 14 18 0 17 15 19 15 
19 18 12 11 11 17 0 12 18 11 
17 17 12 15 16 15 12 0 18 17 
11 18 15 14 19 19 18 18 0 19 
11 18 12 13 16 15 11 17 19 0 
