0 17 18 17 15 14 19 17 13 13 
17 0 15 16 13 17 11 16 17 14 
18 15 0 19 13 11 18 19 11 13 
17 16 19 0 19 17 15 14 10 16 
15 13 13 19 0 12 19 11 14 13 
14 17 11 17 12 0 18 15 10 12 
19 11 18 15 19 18 0 10 16 11 
17 16 19 14 11 15 10 0 14 17 
13 17 11 10 14 10 16 14 0 16 
13 14 13 16 13 12 11 17 16 0 
