0 12 11 13 11 14 10 13 19 12 
12 0 15 14 15 12 18 15 18 10 
11 15 0 13 19 13 15 19 15 10 
13 14 13 0 10 17 19 17 19 11 
11 15 19 10 0 19 15 19 14 17 
14 12 13 17 19 0 13 13 14 12 
10 18 15 19 15 13 0 10 13 19 
13 15 19 17 19 13 10 0 10 14 
19 18 15 19 14 14 13 10 0 15 
12 10 10 11 17 12 19 14 15 0 
