0 15 18 12 11 14 14 17 10 13 
15 0 18 16 12 12 19 10 12 19 
18 18 0 12 14 17 18 15 15 16 
12 16 12 0 18 19 13 16 17 17 
11 12 14 18 0 10 13 10 15 12 
14 12 17 19 10 0 17 16 14 14 
14 19 18 13 13 17 0 11 15 15 
17 10 15 16 10 16 11 0 17 18 
10 12 15 17 15 14 15 17 0 12 
13 19 16 17 12 14 15 18 12 0 
