0 10 16 16 10 10 13 11 19 16 
10 0 16 19 10 11 12 14 14 15 
16 16 0 13 14 10 10 15 12 12 
16 19 13 0 19 18 15 11 18 18 
10 10 14 19 0 11 11 19 15 15 
10 11 10 18 11 0 18 17 11 18 
13 12 10 15 11 18 0 11 12 17 
11 14 15 11 19 17 11 0 19 18 
19 14 12 18 15 11 12 19 0 17 
16 15 12 18 15 18 17 18 17 0 
